
Loading Saved Neural Network Parameters ...

Feedforward Using Neural Network ...
cost =

 Columns 1 through 12:

  5.4986e+004  5.3433e+004  4.0103e+004  5.2598e+004  5.2052e+004  5.6383e+004  4.5953e+004  3.8481e+004  4.8493e+004  4.2295e+004  4.6074e+004  5.1171e+004

 Columns 13 through 24:

  5.7482e+004  4.1596e+004  5.3142e+004  3.7855e+004  5.9102e+004  4.9074e+004  5.0337e+004  4.9441e+004  5.2479e+004  4.5199e+004  5.0205e+004  3.5441e+004

 Columns 25 through 36:

  4.0760e+004  5.2336e+004  3.2909e+004  3.9452e+004  3.9627e+004  4.6751e+004  3.5264e+004  5.2036e+004  5.4301e+004  4.9822e+004  5.8927e+004  4.9748e+004

 Columns 37 through 48:

  5.5848e+004  5.8977e+004  5.7199e+004  6.0932e+004  5.4495e+004  5.7882e+004  4.3666e+004  5.0594e+004  5.2608e+004  5.3570e+004  5.8199e+004  4.7093e+004

 Columns 49 through 60:

  5.3422e+004  4.3685e+004  5.5879e+004  4.6944e+004  5.3343e+004  3.6474e+004  3.6041e+004  5.6631e+004  4.0342e+004  4.1160e+004  4.6316e+004  5.2048e+004

 Columns 61 through 72:

  4.5064e+004  5.6808e+004  4.8269e+004  5.0062e+004  4.3654e+004  3.8002e+004  3.9738e+004  5.7201e+004  5.3892e+004  4.4868e+004  5.3574e+004  3.2164e+004

 Columns 73 through 84:

  5.3056e+004  5.8198e+004  5.0726e+004  4.0944e+004  5.8317e+004  5.8532e+004  4.1667e+004  4.9200e+004  4.6578e+004  5.2242e+004  5.3236e+004  5.5085e+004

 Columns 85 through 96:

  4.3583e+004  4.6925e+004  3.8758e+004  3.2126e+004  5.1426e+004  3.0497e+004  4.6921e+004  4.5588e+004  3.6399e+004  4.5154e+004  3.8818e+004  4.7417e+004

 Columns 97 through 108:

  3.9248e+004  3.8825e+004  3.9132e+004  5.1071e+004  3.5936e+004  3.6955e+004  5.2810e+004  3.3429e+004  3.5760e+004  4.6375e+004  5.0400e+004  4.6998e+004

 Columns 109 through 120:

  5.4564e+004  3.8933e+004  5.4804e+004  4.6053e+004  3.0879e+004  4.5633e+004  3.3712e+004  5.4164e+004  4.6574e+004  5.0194e+004  4.9126e+004  4.5031e+004

 Columns 121 through 132:

  4.6993e+004  3.2501e+004  4.7616e+004  4.9153e+004  3.8267e+004  5.8547e+004  5.4633e+004  5.6603e+004  5.9602e+004  3.4320e+004  5.4328e+004  2.8126e+004

 Columns 133 through 144:

  5.3259e+004  3.1847e+004  5.0744e+004  3.4683e+004  5.7472e+004  5.0439e+004  5.2367e+004  4.9697e+004  4.0064e+004  5.7887e+004  2.5911e+004  5.5187e+004

 Columns 145 through 156:

  4.3282e+004  5.0383e+004  4.0924e+004  5.0448e+004  4.0782e+004  4.4748e+004  3.4100e+004  5.4009e+004  4.9426e+004  5.0516e+004  4.4152e+004  4.8887e+004

 Columns 157 through 168:

  5.6299e+004  5.8806e+004  4.0936e+004  5.2145e+004  5.8242e+004  4.8899e+004  5.4771e+004  5.7151e+004  5.4992e+004  4.6784e+004  4.6986e+004  5.0242e+004

 Columns 169 through 180:

  5.7140e+004  4.2285e+004  5.1474e+004  4.0318e+004  5.0738e+004  5.6536e+004  5.7929e+004  4.7629e+004  4.8880e+004  3.9625e+004  5.6293e+004  5.3999e+004

 Columns 181 through 192:

  3.7333e+004  5.7655e+004  3.6772e+004  5.6007e+004  5.8201e+004  3.9166e+004  4.7009e+004  5.5432e+004  5.5566e+004  5.4387e+004  5.3399e+004  5.8604e+004

 Columns 193 through 204:

  5.7432e+004  4.5110e+004  4.8870e+004  5.4773e+004  4.5326e+004  5.4499e+004  4.9556e+004  5.3555e+004  4.2235e+004  5.1287e+004  5.6731e+004  4.3956e+004

 Columns 205 through 216:

  5.8161e+004  3.9500e+004  5.8155e+004  3.6940e+004  4.5885e+004  3.7855e+004  4.7884e+004  5.8352e+004  5.5705e+004  5.7113e+004  3.6058e+004  5.4328e+004

 Columns 217 through 228:

  3.3971e+004  5.4718e+004  5.7007e+004  5.8974e+004  3.9513e+004  3.6300e+004  5.0840e+004  4.9125e+004  4.3441e+004  5.4545e+004  3.7961e+004  5.9536e+004

 Columns 229 through 240:

  4.0631e+004  4.0917e+004  5.0107e+004  4.7628e+004  5.1101e+004  5.4668e+004  4.3921e+004  5.9022e+004  3.8839e+004  5.0964e+004  4.0052e+004  3.8511e+004

 Columns 241 through 252:

  5.8517e+004  4.8539e+004  4.4805e+004  5.1768e+004  3.7335e+004  4.6310e+004  3.9216e+004  5.4508e+004  3.8481e+004  5.5083e+004  5.1045e+004  5.4887e+004

 Columns 253 through 264:

  5.4740e+004  5.3051e+004  4.8953e+004  5.0395e+004  4.0361e+004  3.7978e+004  5.0936e+004  4.3931e+004  3.9466e+004  2.7906e+004  5.1516e+004  5.2979e+004

 Columns 265 through 276:

  5.4756e+004  2.9392e+004  4.5787e+004  4.3665e+004  4.9883e+004  4.4855e+004  5.5713e+004  4.9744e+004  4.6956e+004  5.2550e+004  5.4631e+004  3.5801e+004

 Columns 277 through 288:

  4.8332e+004  5.7579e+004  5.5826e+004  5.7016e+004  4.7508e+004  4.2940e+004  3.8545e+004  5.4471e+004  5.5900e+004  3.7027e+004  3.9139e+004  5.4704e+004

 Columns 289 through 300:

  4.3727e+004  4.7203e+004  5.5007e+004  5.6105e+004  4.6588e+004  4.7576e+004  3.9048e+004  4.8696e+004  4.6654e+004  5.5474e+004  5.0867e+004  5.7343e+004

 Columns 301 through 312:

  5.3773e+004  4.9885e+004  5.0375e+004  5.6028e+004  5.1197e+004  4.6454e+004  4.3858e+004  3.7798e+004  5.4043e+004  5.4160e+004  5.3310e+004  5.0165e+004

 Columns 313 through 324:

  6.1011e+004  5.3634e+004  5.7155e+004  5.3342e+004  2.9412e+004  4.9283e+004  5.0797e+004  5.2090e+004  4.6922e+004  5.0930e+004  5.2274e+004  4.7373e+004

 Columns 325 through 336:

  5.2541e+004  4.9098e+004  4.7233e+004  4.9493e+004  3.9789e+004  3.5643e+004  4.7773e+004  4.7864e+004  5.5662e+004  4.9097e+004  5.5242e+004  5.7527e+004

 Columns 337 through 348:

  5.4961e+004  5.6246e+004  6.0154e+004  5.0475e+004  5.0170e+004  4.0254e+004  4.7105e+004  4.5020e+004  4.0351e+004  5.4761e+004  4.8020e+004  4.8284e+004

 Columns 349 through 360:

  5.3104e+004  3.6116e+004  5.4115e+004  3.2476e+004  3.9294e+004  5.4872e+004  5.3485e+004  5.2651e+004  5.1577e+004  3.1127e+004  4.2287e+004  5.3379e+004

 Columns 361 through 372:

  5.7946e+004  4.9647e+004  5.0424e+004  4.2909e+004  4.5485e+004  4.8577e+004  5.0413e+004  4.1179e+004  5.6291e+004  5.1075e+004  3.7936e+004  3.9184e+004

 Columns 373 through 384:

  5.2761e+004  4.1020e+004  5.1082e+004  5.2015e+004  4.6288e+004  4.5183e+004  4.5715e+004  5.7273e+004  4.9931e+004  4.5185e+004  5.5109e+004  5.2107e+004

 Columns 385 through 396:

  5.6103e+004  5.3224e+004  5.8941e+004  5.6349e+004  3.6785e+004  4.7565e+004  5.2226e+004  6.1231e+004  2.8494e+004  4.3706e+004  5.6350e+004  5.3749e+004

 Columns 397 through 408:

  3.4165e+004  6.0829e+004  4.3210e+004  4.6175e+004  4.9554e+004  4.1997e+004  5.9084e+004  3.8543e+004  4.8560e+004  3.8792e+004  4.8672e+004  5.2442e+004

 Columns 409 through 420:

  3.3372e+004  4.9529e+004  4.6746e+004  4.9541e+004  3.5837e+004  4.4113e+004  5.2931e+004  4.6645e+004  5.4698e+004  5.4191e+004  4.7858e+004  4.6599e+004

 Columns 421 through 432:

  5.2946e+004  4.2399e+004  4.7876e+004  4.8693e+004  5.5938e+004  5.1499e+004  3.2810e+004  4.6488e+004  3.4523e+004  5.6445e+004  5.5084e+004  5.2778e+004

 Columns 433 through 444:

  4.9518e+004  5.6952e+004  4.3378e+004  5.5845e+004  5.9960e+004  4.7251e+004  5.2052e+004  4.6827e+004  4.5805e+004  4.2378e+004  5.6839e+004  3.6875e+004

 Columns 445 through 456:

  5.7297e+004  5.8701e+004  3.8197e+004  5.1150e+004  4.9926e+004  4.0928e+004  5.3681e+004  4.7018e+004  4.4710e+004  3.6579e+004  5.0485e+004  6.1544e+004

 Columns 457 through 468:

  4.1656e+004  4.2626e+004  4.7482e+004  3.6945e+004  4.6294e+004  3.4393e+004  4.6379e+004  5.4186e+004  6.2487e+004  4.7741e+004  4.4558e+004  4.7922e+004

 Columns 469 through 480:

  5.3473e+004  4.9405e+004  4.6313e+004  3.2360e+004  5.4654e+004  5.1207e+004  5.5095e+004  5.2425e+004  5.2543e+004  5.8687e+004  4.0629e+004  5.7123e+004

 Columns 481 through 492:

  4.8416e+004  5.6954e+004  5.3030e+004  4.6659e+004  3.0296e+004  5.7721e+004  4.7088e+004  5.2151e+004  2.9627e+004  5.3871e+004  5.5906e+004  5.3890e+004

 Columns 493 through 504:

  5.8840e+004  4.8589e+004  5.8794e+004  5.2219e+004  3.3980e+004  5.8236e+004  4.7713e+004  4.5398e+004  4.7176e+004  4.6096e+004  4.2488e+004  4.4592e+004

